0.0025000000 0.9999398754 0.0000567048 ,
0.0075000000 0.9999335259 0.0000553001 ,
0.0125000000 0.9999314924 0.0000565233 ,
0.0175000000 0.9999715724 0.0000557278 ,
0.0225000000 0.9999281600 0.0000546358 ,
0.0275000000 0.9999934744 0.0000548821 ,
0.0325000000 1.0000478067 0.0000558146 ,
0.0375000000 1.0001241415 0.0000552158 ,
0.0425000000 1.0000143843 0.0000560772 ,
0.0475000000 1.0000510592 0.0000561656 ,
0.0525000000 0.9999788016 0.0000557278 ,
0.0575000000 1.0000329259 0.0000549650 ,
0.0625000000 1.0000120074 0.0000550482 ,
0.0675000000 1.0000171556 0.0000552158 ,
0.0725000000 0.9999773848 0.0000558146 ,
0.0775000000 0.9999563663 0.0000567048 ,
0.0825000000 1.0000134125 0.0000550482 ,
0.0875000000 1.0000008676 0.0000548821 ,
0.0925000000 1.0000051326 0.0000550482 ,
0.0975000000 1.0000388020 0.0000552158 ,
0.1025000000 0.9999033643 0.0000562544 ,
0.1075000000 0.9999969278 0.0000557278 ,
0.1125000000 0.9999035306 0.0000558146 ,
0.1175000000 1.0000248236 0.0000544735 ,
0.1225000000 0.9999717707 0.0000539949 ,
0.1275000000 0.9999291732 0.0000570730 ,
0.1325000000 1.0000265586 0.0000555556 ,
0.1375000000 0.9999866101 0.0000562544 ,
0.1425000000 0.9999573810 0.0000563436 ,
0.1475000000 1.0000377478 0.0000545545 ,
0.1525000000 0.9999972961 0.0000545545 ,
0.1575000000 1.0000246078 0.0000558146 ,
0.1625000000 0.9999492406 0.0000556415 ,
0.1675000000 0.9999166079 0.0000557278 ,
0.1725000000 0.9999420658 0.0000565233 ,
0.1775000000 0.9999446615 0.0000558146 ,
0.1825000000 0.9998879018 0.0000545545 ,
0.1875000000 1.0000124005 0.0000558146 ,
0.1925000000 1.0000033154 0.0000553849 ,
0.1975000000 0.9999230776 0.0000560772 ,
0.2025000000 0.9999487515 0.0000561656 ,
0.2075000000 0.9999764906 0.0000552158 ,
0.2125000000 0.9999737728 0.0000550482 ,
0.2175000000 1.0000427720 0.0000547997 ,
0.2225000000 1.0000261905 0.0000559017 ,
0.2275000000 0.9999642071 0.0000558146 ,
0.2325000000 1.0000008077 0.0000565233 ,
0.2375000000 1.0000457508 0.0000560772 ,
0.2425000000 1.0000467776 0.0000546358 ,
0.2475000000 0.9999360620 0.0000541530 ,
0.2525000000 0.9999870752 0.0000567962 ,
0.2575000000 0.9999800678 0.0000551318 ,
0.2625000000 0.9999941815 0.0000565233 ,
0.2675000000 0.9999527155 0.0000561656 ,
0.2725000000 1.0000645779 0.0000549650 ,
0.2775000000 0.9999614172 0.0000543125 ,
0.2825000000 0.9999538165 0.0000555556 ,
0.2875000000 1.0000131766 0.0000558146 ,
0.2925000000 1.0000305344 0.0000559893 ,
0.2975000000 0.9999871409 0.0000566139 ,
0.3025000000 1.0000357842 0.0000554700 ,
0.3075000000 0.9999508586 0.0000544735 ,
0.3125000000 0.9999491461 0.0000557278 ,
0.3175000000 1.0000306905 0.0000558146 ,
0.3225000000 1.0000775233 0.0000560772 ,
0.3275000000 1.0000675219 0.0000560772 ,
0.3325000000 1.0000853400 0.0000557278 ,
0.3375000000 1.0000858398 0.0000552158 ,
0.3425000000 1.0000358550 0.0000541530 ,
0.3475000000 1.0000069061 0.0000561656 ,
0.3525000000 1.0001032978 0.0000561656 ,
0.3575000000 0.9999824744 0.0000557278 ,
0.3625000000 0.9999862725 0.0000565233 ,
0.3675000000 1.0000910016 0.0000544735 ,
0.3725000000 1.0001214242 0.0000547997 ,
0.3775000000 1.0000275912 0.0000566139 ,
0.3825000000 1.0001491240 0.0000553001 ,
0.3875000000 0.9999722815 0.0000563436 ,
0.3925000000 1.0001145161 0.0000560772 ,
0.3975000000 1.0001587651 0.0000555556 ,
0.4025000000 1.0001449965 0.0000540738 ,
0.4075000000 1.0001766063 0.0000558146 ,
0.4125000000 1.0002075313 0.0000554700 ,
0.4175000000 1.0001531147 0.0000559893 ,
0.4225000000 1.0001235217 0.0000570730 ,
0.4275000000 1.0002218253 0.0000548821 ,
0.4325000000 1.0002214808 0.0000549650 ,
0.4375000000 1.0002443036 0.0000554700 ,
0.4425000000 1.0000353935 0.0000553849 ,
0.4475000000 0.9997696165 0.0000567048 ,
0.4525000000 0.9992363772 0.0000558146 ,
0.4575000000 0.9988061647 0.0000559017 ,
0.4625000000 0.9982006564 0.0000551318 ,
0.4675000000 0.9974527660 0.0000547997 ,
0.4725000000 0.9964915862 0.0000556415 ,
0.4775000000 0.9960072236 0.0000560772 ,
0.4825000000 0.9953210065 0.0000570730 ,
0.4875000000 0.9950445225 0.0000556415 ,
0.4925000000 0.9949740059 0.0000547997 ,
0.4975000000 0.9949095711 0.0000547176 ,
0.5025000000 0.9946581305 0.0000563436 ,
0.5075000000 0.9953785701 0.0000554700 ,
0.5125000000 0.9955875869 0.0000567048 ,
0.5175000000 0.9962412286 0.0000559017 ,
0.5225000000 0.9969533997 0.0000553849 ,
0.5275000000 0.9977602894 0.0000543928 ,
0.5325000000 0.9980515571 0.0000564333 ,
0.5375000000 0.9985681753 0.0000553001 ,
0.5425000000 0.9988219113 0.0000555556 ,
0.5475000000 0.9988755429 0.0000565233 ,
0.5525000000 0.9991041215 0.0000550482 ,
0.5575000000 0.9994233688 0.0000543928 ,
0.5625000000 0.9992941790 0.0000554700 ,
0.5675000000 0.9995278163 0.0000559017 ,
0.5725000000 0.9995292431 0.0000562544 ,
0.5775000000 0.9995139912 0.0000559893 ,
0.5825000000 0.9995291300 0.0000559017 ,
0.5875000000 0.9998471222 0.0000543125 ,
0.5925000000 0.9995832162 0.0000548821 ,
0.5975000000 0.9997054798 0.0000556415 ,
0.6025000000 0.9998370973 0.0000558146 ,
0.6075000000 0.9997989287 0.0000568880 ,
0.6125000000 0.9997011417 0.0000556415 ,
0.6175000000 0.9997974279 0.0000548821 ,
0.6225000000 0.9998673946 0.0000545545 ,
0.6275000000 0.9998276256 0.0000563436 ,
0.6325000000 0.9999347548 0.0000555556 ,
0.6375000000 0.9999410773 0.0000559893 ,
0.6425000000 0.9998560820 0.0000563436 ,
0.6475000000 0.9999177725 0.0000543928 ,
0.6525000000 0.9998615113 0.0000547176 ,
0.6575000000 1.0000575445 0.0000564333 ,
0.6625000000 1.0000404579 0.0000547176 ,
0.6675000000 0.9999512383 0.0000562544 ,
0.6725000000 0.9999621764 0.0000563436 ,
0.6775000000 0.9999321426 0.0000548821 ,
0.6825000000 1.0000794333 0.0000546358 ,
0.6875000000 1.0000058746 0.0000552158 ,
0.6925000000 1.0000236629 0.0000553001 ,
0.6975000000 0.9999937214 0.0000558146 ,
0.7025000000 0.9999234425 0.0000560772 ,
0.7075000000 0.9999195511 0.0000559017 ,
0.7125000000 0.9999788038 0.0000543125 ,
0.7175000000 0.9999976621 0.0000547176 ,
0.7225000000 1.0000114631 0.0000556415 ,
0.7275000000 1.0000084429 0.0000554700 ,
0.7325000000 1.0000417394 0.0000569803 ,
0.7375000000 1.0000610540 0.0000553001 ,
0.7425000000 1.0000867424 0.0000555556 ,
0.7475000000 1.0000597628 0.0000542326 ,
0.7525000000 1.0000604836 0.0000567048 ,
0.7575000000 1.0000957127 0.0000552158 ,
0.7625000000 0.9999888411 0.0000560772 ,
0.7675000000 0.9999841280 0.0000564333 ,
0.7725000000 0.9999087166 0.0000547997 ,
0.7775000000 1.0000791943 0.0000544735 ,
0.7825000000 1.0000450286 0.0000563436 ,
0.7875000000 1.0000695423 0.0000549650 ,
0.7925000000 0.9999840849 0.0000560772 ,
0.7975000000 1.0000389767 0.0000564333 ,
0.8025000000 1.0000280040 0.0000548821 ,
0.8075000000 0.9999216310 0.0000548821 ,
0.8125000000 0.9999577176 0.0000550482 ,
0.8175000000 0.9998873510 0.0000554700 ,
0.8225000000 0.9999434315 0.0000559017 ,
0.8275000000 1.0000414767 0.0000565233 ,
0.8325000000 0.9998971194 0.0000559893 ,
0.8375000000 0.9999625088 0.0000543125 ,
0.8425000000 0.9999891047 0.0000547997 ,
0.8475000000 0.9999795394 0.0000553849 ,
0.8525000000 0.9999664879 0.0000559017 ,
0.8575000000 1.0000595509 0.0000560772 ,
0.8625000000 1.0000434240 0.0000554700 ,
0.8675000000 0.9999363524 0.0000550482 ,
0.8725000000 0.9999853004 0.0000543125 ,
0.8775000000 1.0000046126 0.0000563436 ,
0.8825000000 1.0000166222 0.0000555556 ,
0.8875000000 0.9999908798 0.0000556415 ,
0.8925000000 0.9999110675 0.0000568880 ,
0.8975000000 1.0000058892 0.0000544735 ,
0.9025000000 0.9999293364 0.0000547176 ,
0.9075000000 1.0000035644 0.0000563436 ,
0.9125000000 0.9999416322 0.0000546358 ,
0.9175000000 1.0000628714 0.0000564333 ,
0.9225000000 0.9999718210 0.0000564333 ,
0.9275000000 0.9999847175 0.0000554700 ,
0.9325000000 0.9999533639 0.0000547997 ,
0.9375000000 1.0000502941 0.0000547176 ,
0.9425000000 1.0000021235 0.0000556415 ,
0.9475000000 1.0000262523 0.0000559017 ,
0.9525000000 1.0000103170 0.0000567962 ,
0.9575000000 0.9999057410 0.0000553001 ,
0.9625000000 0.9999542158 0.0000546358 ,
0.9675000000 0.9999741804 0.0000550482 ,
0.9725000000 0.9999745532 0.0000557278 ,
0.9775000000 0.9999753671 0.0000557278 ,
0.9825000000 0.9999725021 0.0000558146 ,
0.9875000000 0.9999239747 0.0000556415 ,
0.9925000000 1.0000379770 0.0000550482 ,
0.9975000000 0.9999890143 0.0000539949 ,
1.0025000000 0.9999398754 0.0000567048 ,
1.0075000000 0.9999335259 0.0000553001 ,
1.0125000000 0.9999314924 0.0000565233 ,
1.0175000000 0.9999715724 0.0000557278 ,
1.0225000000 0.9999281600 0.0000546358 ,
1.0275000000 0.9999934744 0.0000548821 ,
1.0325000000 1.0000478067 0.0000558146 ,
1.0375000000 1.0001241415 0.0000552158 ,
1.0425000000 1.0000143843 0.0000560772 ,
1.0475000000 1.0000510592 0.0000561656 ,
1.0525000000 0.9999788016 0.0000557278 ,
1.0575000000 1.0000329259 0.0000549650 ,
1.0625000000 1.0000120074 0.0000550482 ,
1.0675000000 1.0000171556 0.0000552158 ,
1.0725000000 0.9999773848 0.0000558146 ,
1.0775000000 0.9999563663 0.0000567048 ,
1.0825000000 1.0000134125 0.0000550482 ,
1.0875000000 1.0000008676 0.0000548821 ,
1.0925000000 1.0000051326 0.0000550482 ,
1.0975000000 1.0000388020 0.0000552158 ,
1.1025000000 0.9999033643 0.0000562544 ,
1.1075000000 0.9999969278 0.0000557278 ,
1.1125000000 0.9999035306 0.0000558146 ,
1.1175000000 1.0000248236 0.0000544735 ,
1.1225000000 0.9999717707 0.0000539949 ,
1.1275000000 0.9999291732 0.0000570730 ,
1.1325000000 1.0000265586 0.0000555556 ,
1.1375000000 0.9999866101 0.0000562544 ,
1.1425000000 0.9999573810 0.0000563436 ,
1.1475000000 1.0000377478 0.0000545545 ,
1.1525000000 0.9999972961 0.0000545545 ,
1.1575000000 1.0000246078 0.0000558146 ,
1.1625000000 0.9999492406 0.0000556415 ,
1.1675000000 0.9999166079 0.0000557278 ,
1.1725000000 0.9999420658 0.0000565233 ,
1.1775000000 0.9999446615 0.0000558146 ,
1.1825000000 0.9998879018 0.0000545545 ,
1.1875000000 1.0000124005 0.0000558146 ,
1.1925000000 1.0000033154 0.0000553849 ,
1.1975000000 0.9999230776 0.0000560772 ,
1.2025000000 0.9999487515 0.0000561656 ,
1.2075000000 0.9999764906 0.0000552158 ,
1.2125000000 0.9999737728 0.0000550482 ,
1.2175000000 1.0000427720 0.0000547997 ,
1.2225000000 1.0000261905 0.0000559017 ,
1.2275000000 0.9999642071 0.0000558146 ,
1.2325000000 1.0000008077 0.0000565233 ,
1.2375000000 1.0000457508 0.0000560772 ,
1.2425000000 1.0000467776 0.0000546358 ,
1.2475000000 0.9999360620 0.0000541530 ,
1.2525000000 0.9999870752 0.0000567962 ,
1.2575000000 0.9999800678 0.0000551318 ,
1.2625000000 0.9999941815 0.0000565233 ,
1.2675000000 0.9999527155 0.0000561656 ,
1.2725000000 1.0000645779 0.0000549650 ,
1.2775000000 0.9999614172 0.0000543125 ,
1.2825000000 0.9999538165 0.0000555556 ,
1.2875000000 1.0000131766 0.0000558146 ,
1.2925000000 1.0000305344 0.0000559893 ,
1.2975000000 0.9999871409 0.0000566139 ,
1.3025000000 1.0000357842 0.0000554700 ,
1.3075000000 0.9999508586 0.0000544735 ,
1.3125000000 0.9999491461 0.0000557278 ,
1.3175000000 1.0000306905 0.0000558146 ,
1.3225000000 1.0000775233 0.0000560772 ,
1.3275000000 1.0000675219 0.0000560772 ,
1.3325000000 1.0000853400 0.0000557278 ,
1.3375000000 1.0000858398 0.0000552158 ,
1.3425000000 1.0000358550 0.0000541530 ,
1.3475000000 1.0000069061 0.0000561656 ,
1.3525000000 1.0001032978 0.0000561656 ,
1.3575000000 0.9999824744 0.0000557278 ,
1.3625000000 0.9999862725 0.0000565233 ,
1.3675000000 1.0000910016 0.0000544735 ,
1.3725000000 1.0001214242 0.0000547997 ,
1.3775000000 1.0000275912 0.0000566139 ,
1.3825000000 1.0001491240 0.0000553001 ,
1.3875000000 0.9999722815 0.0000563436 ,
1.3925000000 1.0001145161 0.0000560772 ,
1.3975000000 1.0001587651 0.0000555556 ,
1.4025000000 1.0001449965 0.0000540738 ,
1.4075000000 1.0001766063 0.0000558146 ,
1.4125000000 1.0002075313 0.0000554700 ,
1.4175000000 1.0001531147 0.0000559893 ,
1.4225000000 1.0001235217 0.0000570730 ,
1.4275000000 1.0002218253 0.0000548821 ,
1.4325000000 1.0002214808 0.0000549650 ,
1.4375000000 1.0002443036 0.0000554700 ,
1.4425000000 1.0000353935 0.0000553849 ,
1.4475000000 0.9997696165 0.0000567048 ,
1.4525000000 0.9992363772 0.0000558146 ,
1.4575000000 0.9988061647 0.0000559017 ,
1.4625000000 0.9982006564 0.0000551318 ,
1.4675000000 0.9974527660 0.0000547997 ,
1.4725000000 0.9964915862 0.0000556415 ,
1.4775000000 0.9960072236 0.0000560772 ,
1.4825000000 0.9953210065 0.0000570730 ,
1.4875000000 0.9950445225 0.0000556415 ,
1.4925000000 0.9949740059 0.0000547997 ,
1.4975000000 0.9949095711 0.0000547176 ,
1.5025000000 0.9946581305 0.0000563436 ,
1.5075000000 0.9953785701 0.0000554700 ,
1.5125000000 0.9955875869 0.0000567048 ,
1.5175000000 0.9962412286 0.0000559017 ,
1.5225000000 0.9969533997 0.0000553849 ,
1.5275000000 0.9977602894 0.0000543928 ,
1.5325000000 0.9980515571 0.0000564333 ,
1.5375000000 0.9985681753 0.0000553001 ,
1.5425000000 0.9988219113 0.0000555556 ,
1.5475000000 0.9988755429 0.0000565233 ,
1.5525000000 0.9991041215 0.0000550482 ,
1.5575000000 0.9994233688 0.0000543928 ,
1.5625000000 0.9992941790 0.0000554700 ,
1.5675000000 0.9995278163 0.0000559017 ,
1.5725000000 0.9995292431 0.0000562544 ,
1.5775000000 0.9995139912 0.0000559893 ,
1.5825000000 0.9995291300 0.0000559017 ,
1.5875000000 0.9998471222 0.0000543125 ,
1.5925000000 0.9995832162 0.0000548821 ,
1.5975000000 0.9997054798 0.0000556415 ,
1.6025000000 0.9998370973 0.0000558146 ,
1.6075000000 0.9997989287 0.0000568880 ,
1.6125000000 0.9997011417 0.0000556415 ,
1.6175000000 0.9997974279 0.0000548821 ,
1.6225000000 0.9998673946 0.0000545545 ,
1.6275000000 0.9998276256 0.0000563436 ,
1.6325000000 0.9999347548 0.0000555556 ,
1.6375000000 0.9999410773 0.0000559893 ,
1.6425000000 0.9998560820 0.0000563436 ,
1.6475000000 0.9999177725 0.0000543928 ,
1.6525000000 0.9998615113 0.0000547176 ,
1.6575000000 1.0000575445 0.0000564333 ,
1.6625000000 1.0000404579 0.0000547176 ,
1.6675000000 0.9999512383 0.0000562544 ,
1.6725000000 0.9999621764 0.0000563436 ,
1.6775000000 0.9999321426 0.0000548821 ,
1.6825000000 1.0000794333 0.0000546358 ,
1.6875000000 1.0000058746 0.0000552158 ,
1.6925000000 1.0000236629 0.0000553001 ,
1.6975000000 0.9999937214 0.0000558146 ,
1.7025000000 0.9999234425 0.0000560772 ,
1.7075000000 0.9999195511 0.0000559017 ,
1.7125000000 0.9999788038 0.0000543125 ,
1.7175000000 0.9999976621 0.0000547176 ,
1.7225000000 1.0000114631 0.0000556415 ,
1.7275000000 1.0000084429 0.0000554700 ,
1.7325000000 1.0000417394 0.0000569803 ,
1.7375000000 1.0000610540 0.0000553001 ,
1.7425000000 1.0000867424 0.0000555556 ,
1.7475000000 1.0000597628 0.0000542326 ,
1.7525000000 1.0000604836 0.0000567048 ,
1.7575000000 1.0000957127 0.0000552158 ,
1.7625000000 0.9999888411 0.0000560772 ,
1.7675000000 0.9999841280 0.0000564333 ,
1.7725000000 0.9999087166 0.0000547997 ,
1.7775000000 1.0000791943 0.0000544735 ,
1.7825000000 1.0000450286 0.0000563436 ,
1.7875000000 1.0000695423 0.0000549650 ,
1.7925000000 0.9999840849 0.0000560772 ,
1.7975000000 1.0000389767 0.0000564333 ,
1.8025000000 1.0000280040 0.0000548821 ,
1.8075000000 0.9999216310 0.0000548821 ,
1.8125000000 0.9999577176 0.0000550482 ,
1.8175000000 0.9998873510 0.0000554700 ,
1.8225000000 0.9999434315 0.0000559017 ,
1.8275000000 1.0000414767 0.0000565233 ,
1.8325000000 0.9998971194 0.0000559893 ,
1.8375000000 0.9999625088 0.0000543125 ,
1.8425000000 0.9999891047 0.0000547997 ,
1.8475000000 0.9999795394 0.0000553849 ,
1.8525000000 0.9999664879 0.0000559017 ,
1.8575000000 1.0000595509 0.0000560772 ,
1.8625000000 1.0000434240 0.0000554700 ,
1.8675000000 0.9999363524 0.0000550482 ,
1.8725000000 0.9999853004 0.0000543125 ,
1.8775000000 1.0000046126 0.0000563436 ,
1.8825000000 1.0000166222 0.0000555556 ,
1.8875000000 0.9999908798 0.0000556415 ,
1.8925000000 0.9999110675 0.0000568880 ,
1.8975000000 1.0000058892 0.0000544735 ,
1.9025000000 0.9999293364 0.0000547176 ,
1.9075000000 1.0000035644 0.0000563436 ,
1.9125000000 0.9999416322 0.0000546358 ,
1.9175000000 1.0000628714 0.0000564333 ,
1.9225000000 0.9999718210 0.0000564333 ,
1.9275000000 0.9999847175 0.0000554700 ,
1.9325000000 0.9999533639 0.0000547997 ,
1.9375000000 1.0000502941 0.0000547176 ,
1.9425000000 1.0000021235 0.0000556415 ,
1.9475000000 1.0000262523 0.0000559017 ,
1.9525000000 1.0000103170 0.0000567962 ,
1.9575000000 0.9999057410 0.0000553001 ,
1.9625000000 0.9999542158 0.0000546358 ,
1.9675000000 0.9999741804 0.0000550482 ,
1.9725000000 0.9999745532 0.0000557278 ,
1.9775000000 0.9999753671 0.0000557278 ,
1.9825000000 0.9999725021 0.0000558146 ,
1.9875000000 0.9999239747 0.0000556415 ,
1.9925000000 1.0000379770 0.0000550482 ,
1.9975000000 0.9999890143 0.0000539949 ,
2.0025000000 0.9999398754 0.0000567048 ,
2.0075000000 0.9999335259 0.0000553001 ,
2.0125000000 0.9999314924 0.0000565233 ,
2.0175000000 0.9999715724 0.0000557278 ,
2.0225000000 0.9999281600 0.0000546358 ,
2.0275000000 0.9999934744 0.0000548821 ,
2.0325000000 1.0000478067 0.0000558146 ,
2.0375000000 1.0001241415 0.0000552158 ,
2.0425000000 1.0000143843 0.0000560772 ,
2.0475000000 1.0000510592 0.0000561656 ,
2.0525000000 0.9999788016 0.0000557278 ,
2.0575000000 1.0000329259 0.0000549650 ,
2.0625000000 1.0000120074 0.0000550482 ,
2.0675000000 1.0000171556 0.0000552158 ,
2.0725000000 0.9999773848 0.0000558146 ,
2.0775000000 0.9999563663 0.0000567048 ,
2.0825000000 1.0000134125 0.0000550482 ,
2.0875000000 1.0000008676 0.0000548821 ,
2.0925000000 1.0000051326 0.0000550482 ,
2.0975000000 1.0000388020 0.0000552158 ,
2.1025000000 0.9999033643 0.0000562544 ,
2.1075000000 0.9999969278 0.0000557278 ,
2.1125000000 0.9999035306 0.0000558146 ,
2.1175000000 1.0000248236 0.0000544735 ,
2.1225000000 0.9999717707 0.0000539949 ,
2.1275000000 0.9999291732 0.0000570730 ,
2.1325000000 1.0000265586 0.0000555556 ,
2.1375000000 0.9999866101 0.0000562544 ,
2.1425000000 0.9999573810 0.0000563436 ,
2.1475000000 1.0000377478 0.0000545545 ,
2.1525000000 0.9999972961 0.0000545545 ,
2.1575000000 1.0000246078 0.0000558146 ,
2.1625000000 0.9999492406 0.0000556415 ,
2.1675000000 0.9999166079 0.0000557278 ,
2.1725000000 0.9999420658 0.0000565233 ,
2.1775000000 0.9999446615 0.0000558146 ,
2.1825000000 0.9998879018 0.0000545545 ,
2.1875000000 1.0000124005 0.0000558146 ,
2.1925000000 1.0000033154 0.0000553849 ,
2.1975000000 0.9999230776 0.0000560772 ,
2.2025000000 0.9999487515 0.0000561656 ,
2.2075000000 0.9999764906 0.0000552158 ,
2.2125000000 0.9999737728 0.0000550482 ,
2.2175000000 1.0000427720 0.0000547997 ,
2.2225000000 1.0000261905 0.0000559017 ,
2.2275000000 0.9999642071 0.0000558146 ,
2.2325000000 1.0000008077 0.0000565233 ,
2.2375000000 1.0000457508 0.0000560772 ,
2.2425000000 1.0000467776 0.0000546358 ,
2.2475000000 0.9999360620 0.0000541530 ,
2.2525000000 0.9999870752 0.0000567962 ,
2.2575000000 0.9999800678 0.0000551318 ,
2.2625000000 0.9999941815 0.0000565233 ,
2.2675000000 0.9999527155 0.0000561656 ,
2.2725000000 1.0000645779 0.0000549650 ,
2.2775000000 0.9999614172 0.0000543125 ,
2.2825000000 0.9999538165 0.0000555556 ,
2.2875000000 1.0000131766 0.0000558146 ,
2.2925000000 1.0000305344 0.0000559893 ,
2.2975000000 0.9999871409 0.0000566139 ,
2.3025000000 1.0000357842 0.0000554700 ,
2.3075000000 0.9999508586 0.0000544735 ,
2.3125000000 0.9999491461 0.0000557278 ,
2.3175000000 1.0000306905 0.0000558146 ,
2.3225000000 1.0000775233 0.0000560772 ,
2.3275000000 1.0000675219 0.0000560772 ,
2.3325000000 1.0000853400 0.0000557278 ,
2.3375000000 1.0000858398 0.0000552158 ,
2.3425000000 1.0000358550 0.0000541530 ,
2.3475000000 1.0000069061 0.0000561656 ,
2.3525000000 1.0001032978 0.0000561656 ,
2.3575000000 0.9999824744 0.0000557278 ,
2.3625000000 0.9999862725 0.0000565233 ,
2.3675000000 1.0000910016 0.0000544735 ,
2.3725000000 1.0001214242 0.0000547997 ,
2.3775000000 1.0000275912 0.0000566139 ,
2.3825000000 1.0001491240 0.0000553001 ,
2.3875000000 0.9999722815 0.0000563436 ,
2.3925000000 1.0001145161 0.0000560772 ,
2.3975000000 1.0001587651 0.0000555556 ,
2.4025000000 1.0001449965 0.0000540738 ,
2.4075000000 1.0001766063 0.0000558146 ,
2.4125000000 1.0002075313 0.0000554700 ,
2.4175000000 1.0001531147 0.0000559893 ,
2.4225000000 1.0001235217 0.0000570730 ,
2.4275000000 1.0002218253 0.0000548821 ,
2.4325000000 1.0002214808 0.0000549650 ,
2.4375000000 1.0002443036 0.0000554700 ,
2.4425000000 1.0000353935 0.0000553849 ,
2.4475000000 0.9997696165 0.0000567048 ,
2.4525000000 0.9992363772 0.0000558146 ,
2.4575000000 0.9988061647 0.0000559017 ,
2.4625000000 0.9982006564 0.0000551318 ,
2.4675000000 0.9974527660 0.0000547997 ,
2.4725000000 0.9964915862 0.0000556415 ,
2.4775000000 0.9960072236 0.0000560772 ,
2.4825000000 0.9953210065 0.0000570730 ,
2.4875000000 0.9950445225 0.0000556415 ,
2.4925000000 0.9949740059 0.0000547997 ,
2.4975000000 0.9949095711 0.0000547176 ,
2.5025000000 0.9946581305 0.0000563436 ,
2.5075000000 0.9953785701 0.0000554700 ,
2.5125000000 0.9955875869 0.0000567048 ,
2.5175000000 0.9962412286 0.0000559017 ,
2.5225000000 0.9969533997 0.0000553849 ,
2.5275000000 0.9977602894 0.0000543928 ,
2.5325000000 0.9980515571 0.0000564333 ,
2.5375000000 0.9985681753 0.0000553001 ,
2.5425000000 0.9988219113 0.0000555556 ,
2.5475000000 0.9988755429 0.0000565233 ,
2.5525000000 0.9991041215 0.0000550482 ,
2.5575000000 0.9994233688 0.0000543928 ,
2.5625000000 0.9992941790 0.0000554700 ,
2.5675000000 0.9995278163 0.0000559017 ,
2.5725000000 0.9995292431 0.0000562544 ,
2.5775000000 0.9995139912 0.0000559893 ,
2.5825000000 0.9995291300 0.0000559017 ,
2.5875000000 0.9998471222 0.0000543125 ,
2.5925000000 0.9995832162 0.0000548821 ,
2.5975000000 0.9997054798 0.0000556415 ,
2.6025000000 0.9998370973 0.0000558146 ,
2.6075000000 0.9997989287 0.0000568880 ,
2.6125000000 0.9997011417 0.0000556415 ,
2.6175000000 0.9997974279 0.0000548821 ,
2.6225000000 0.9998673946 0.0000545545 ,
2.6275000000 0.9998276256 0.0000563436 ,
2.6325000000 0.9999347548 0.0000555556 ,
2.6375000000 0.9999410773 0.0000559893 ,
2.6425000000 0.9998560820 0.0000563436 ,
2.6475000000 0.9999177725 0.0000543928 ,
2.6525000000 0.9998615113 0.0000547176 ,
2.6575000000 1.0000575445 0.0000564333 ,
2.6625000000 1.0000404579 0.0000547176 ,
2.6675000000 0.9999512383 0.0000562544 ,
2.6725000000 0.9999621764 0.0000563436 ,
2.6775000000 0.9999321426 0.0000548821 ,
2.6825000000 1.0000794333 0.0000546358 ,
2.6875000000 1.0000058746 0.0000552158 ,
2.6925000000 1.0000236629 0.0000553001 ,
2.6975000000 0.9999937214 0.0000558146 ,
2.7025000000 0.9999234425 0.0000560772 ,
2.7075000000 0.9999195511 0.0000559017 ,
2.7125000000 0.9999788038 0.0000543125 ,
2.7175000000 0.9999976621 0.0000547176 ,
2.7225000000 1.0000114631 0.0000556415 ,
2.7275000000 1.0000084429 0.0000554700 ,
2.7325000000 1.0000417394 0.0000569803 ,
2.7375000000 1.0000610540 0.0000553001 ,
2.7425000000 1.0000867424 0.0000555556 ,
2.7475000000 1.0000597628 0.0000542326 ,
2.7525000000 1.0000604836 0.0000567048 ,
2.7575000000 1.0000957127 0.0000552158 ,
2.7625000000 0.9999888411 0.0000560772 ,
2.7675000000 0.9999841280 0.0000564333 ,
2.7725000000 0.9999087166 0.0000547997 ,
2.7775000000 1.0000791943 0.0000544735 ,
2.7825000000 1.0000450286 0.0000563436 ,
2.7875000000 1.0000695423 0.0000549650 ,
2.7925000000 0.9999840849 0.0000560772 ,
2.7975000000 1.0000389767 0.0000564333 ,
2.8025000000 1.0000280040 0.0000548821 ,
2.8075000000 0.9999216310 0.0000548821 ,
2.8125000000 0.9999577176 0.0000550482 ,
2.8175000000 0.9998873510 0.0000554700 ,
2.8225000000 0.9999434315 0.0000559017 ,
2.8275000000 1.0000414767 0.0000565233 ,
2.8325000000 0.9998971194 0.0000559893 ,
2.8375000000 0.9999625088 0.0000543125 ,
2.8425000000 0.9999891047 0.0000547997 ,
2.8475000000 0.9999795394 0.0000553849 ,
2.8525000000 0.9999664879 0.0000559017 ,
2.8575000000 1.0000595509 0.0000560772 ,
2.8625000000 1.0000434240 0.0000554700 ,
2.8675000000 0.9999363524 0.0000550482 ,
2.8725000000 0.9999853004 0.0000543125 ,
2.8775000000 1.0000046126 0.0000563436 ,
2.8825000000 1.0000166222 0.0000555556 ,
2.8875000000 0.9999908798 0.0000556415 ,
2.8925000000 0.9999110675 0.0000568880 ,
2.8975000000 1.0000058892 0.0000544735 ,
2.9025000000 0.9999293364 0.0000547176 ,
2.9075000000 1.0000035644 0.0000563436 ,
2.9125000000 0.9999416322 0.0000546358 ,
2.9175000000 1.0000628714 0.0000564333 ,
2.9225000000 0.9999718210 0.0000564333 ,
2.9275000000 0.9999847175 0.0000554700 ,
2.9325000000 0.9999533639 0.0000547997 ,
2.9375000000 1.0000502941 0.0000547176 ,
2.9425000000 1.0000021235 0.0000556415 ,
2.9475000000 1.0000262523 0.0000559017 ,
2.9525000000 1.0000103170 0.0000567962 ,
2.9575000000 0.9999057410 0.0000553001 ,
2.9625000000 0.9999542158 0.0000546358 ,
2.9675000000 0.9999741804 0.0000550482 ,
2.9725000000 0.9999745532 0.0000557278 ,
2.9775000000 0.9999753671 0.0000557278 ,
2.9825000000 0.9999725021 0.0000558146 ,
2.9875000000 0.9999239747 0.0000556415 ,
2.9925000000 1.0000379770 0.0000550482 ,
2.9975000000 0.9999890143 0.0000539949 ,
